%YAML:1.0
---
p0: [ 6.0287493896484375e+02, 3.9468600463867188e+02 ]
p1: [ 6.6061914062500000e+02, 3.9456024169921875e+02 ]
p2: [ 6.1851818847656250e+02, 3.6970379638671875e+02 ]
p3: [ 6.5667791748046875e+02, 3.6956719970703125e+02 ]
p4: [ 6.9615240478515625e+02, 3.7053231811523438e+02 ]
p5: [ 6.5543066406250000e+02, 3.5682241821289062e+02 ]
p6: [ 6.8421771240234375e+02, 3.5803402709960938e+02 ]
p7: [ 3.3241888427734375e+02, 4.5066738891601562e+02 ]
p8: [ 4.8299780273437500e+02, 3.8865148925781250e+02 ]
p9: [ 5.3622076416015625e+02, 3.6672888183593750e+02 ]
p10: [ 5.6754357910156250e+02, 3.5352288818359375e+02 ]
p11: [ 1.0813431396484375e+03, 4.8970477294921875e+02 ]
p12: [ 8.5603277587890625e+02, 4.0135928344726562e+02 ]
p13: [ 7.8512457275390625e+02, 3.7350372314453125e+02 ]
p14: [ 7.4679370117187500e+02, 3.5795291137695312e+02 ]
pointNums: 15
