%YAML:1.0
---
p0: [ 2.6390434570312500e+03, 1.7966771240234375e+03 ]
p1: [ 2.9730695800781250e+03, 1.7926544189453125e+03 ]
p2: [ 3.3079238281250000e+03, 1.7973903808593750e+03 ]
p3: [ 2.5632365722656250e+03, 1.7098338623046875e+03 ]
p4: [ 2.8565219726562500e+03, 1.7078200683593750e+03 ]
p5: [ 3.1515312500000000e+03, 1.7124871826171875e+03 ]
p6: [ 2.5023200683593750e+03, 1.6427734375000000e+03 ]
p7: [ 2.7643608398437500e+03, 1.6406361083984375e+03 ]
p8: [ 3030., 1648. ]
p9: [ 2.4530705566406250e+03, 1.5850277099609375e+03 ]
p10: [ 2.6896093750000000e+03, 1.5856628417968750e+03 ]
p11: [ 2.9298613281250000e+03, 1.5870640869140625e+03 ]
pointNums: 12
