%YAML:1.0
---
p0: [ 1.8394315185546875e+03, 1.7826018066406250e+03 ]
p1: [ 2.1602031250000000e+03, 1.7844122314453125e+03 ]
p2: [ 2.4841572265625000e+03, 1.7861044921875000e+03 ]
p3: [ 1.8611544189453125e+03, 1.7013383789062500e+03 ]
p4: [ 2.1443557128906250e+03, 1.7022205810546875e+03 ]
p5: [ 2.4310412597656250e+03, 1.7030894775390625e+03 ]
p6: [ 1.8767644042968750e+03, 1.6339843750000000e+03 ]
p7: [ 2.1317976074218750e+03, 1.6354168701171875e+03 ]
p8: [ 2.3886613769531250e+03, 1.6362796630859375e+03 ]
p9: [ 1.8907570800781250e+03, 1.5807239990234375e+03 ]
p10: [ 2.1214064941406250e+03, 1.5814049072265625e+03 ]
p11: [ 2.3538808593750000e+03, 1.5813818359375000e+03 ]
pointNums: 12
