%YAML:1.0
---
p0: [ 5.8553985595703125e+02, 3.0417333984375000e+02 ]
p1: [ 6.5243750000000000e+02, 3.0358053588867188e+02 ]
p2: [ 7.1858740234375000e+02, 3.0437969970703125e+02 ]
p3: [ 5.9515606689453125e+02, 2.8996755981445312e+02 ]
p4: [ 6.5104565429687500e+02, 2.8933203125000000e+02 ]
p5: [ 7.0661895751953125e+02, 2.9055743408203125e+02 ]
p6: [ 6.0224395751953125e+02, 2.7944064331054688e+02 ]
p7: [ 6.4953619384765625e+02, 2.7984552001953125e+02 ]
p8: [ 6.9836987304687500e+02, 2.8053060913085938e+02 ]
p9: [ 6.0752465820312500e+02, 2.7291012573242188e+02 ]
p10: [ 6.4849926757812500e+02, 2.7126248168945312e+02 ]
p11: [ 6.9056555175781250e+02, 2.7341802978515625e+02 ]
pointNums: 12
