%YAML:1.0
---
p0: [ 4.9541525268554688e+02, 3.8873080444335938e+02 ]
p1: [ 4.2588223266601562e+02, 4.1944113159179688e+02 ]
p2: [ 2.3113356018066406e+02, 5.0278628540039062e+02 ]
p3: [ 5.3543719482421875e+02, 3.8943890380859375e+02 ]
p4: [ 4.8645248413085938e+02, 4.1812341308593750e+02 ]
p5: [ 3.5564700317382812e+02, 4.9539407348632812e+02 ]
p6: [ 5.7185467529296875e+02, 3.8942910766601562e+02 ]
p7: [ 5.4120306396484375e+02, 4.1758212280273438e+02 ]
p8: [ 4.6382766723632812e+02, 4.8961868286132812e+02 ]
p9: [ 6.0930895996093750e+02, 3.8767733764648438e+02 ]
p10: [ 5.9512585449218750e+02, 4.1634359741210938e+02 ]
p11: [ 5.6089263916015625e+02, 4.8448904418945312e+02 ]
p12: [ 6.4434375000000000e+02, 3.8827078247070312e+02 ]
p13: [ 6.4607220458984375e+02, 4.1457897949218750e+02 ]
p14: [ 6.4987811279296875e+02, 4.7889538574218750e+02 ]
p15: [ 6.7827947998046875e+02, 3.8833459472656250e+02 ]
p16: [ 6.9387573242187500e+02, 4.1308001708984375e+02 ]
p17: [ 7.3064868164062500e+02, 4.7264370727539062e+02 ]
p18: [ 7.0997528076171875e+02, 3.8638287353515625e+02 ]
p19: [ 7.3854583740234375e+02, 4.1144396972656250e+02 ]
p20: [ 8.0246746826171875e+02, 4.6675415039062500e+02 ]
pointNums: 21
