%YAML:1.0
---
p0: [ 1.1105086669921875e+03, 1.7429388427734375e+03 ]
p1: [ 1.4037653808593750e+03, 1.7469721679687500e+03 ]
p2: [ 1.7052851562500000e+03, 1.7484343261718750e+03 ]
p3: [ 1.2071860351562500e+03, 1.6746828613281250e+03 ]
p4: [ 1.4717136230468750e+03, 1.6683021240234375e+03 ]
p5: [ 1.7392872314453125e+03, 1.6761062011718750e+03 ]
p6: [ 1.2851165771484375e+03, 1.6145363769531250e+03 ]
p7: [ 1.5261463623046875e+03, 1.6085244140625000e+03 ]
p8: [ 1.7659896240234375e+03, 1.6161406250000000e+03 ]
p9: [ 1.3524606933593750e+03, 1.5649416503906250e+03 ]
p10: [ 1566., 1562. ]
p11: [ 1.7898000488281250e+03, 1.5660911865234375e+03 ]
pointNums: 12
