%YAML:1.0
---
p0: [ 6.7251000976562500e+02, 3.5476553344726562e+02 ]
p1: [ 6.4833563232421875e+02, 3.5495614624023438e+02 ]
p2: [ 6.8161871337890625e+02, 3.6463659667968750e+02 ]
p3: [ 6.4847344970703125e+02, 3.6380548095703125e+02 ]
p4: [ 6.1496484375000000e+02, 3.6343063354492188e+02 ]
p5: [ 6.4828588867187500e+02, 3.8040124511718750e+02 ]
p6: [ 6.0157550048828125e+02, 3.8030554199218750e+02 ]
p7: [ 7.3130023193359375e+02, 3.5545367431640625e+02 ]
p8: [ 7.6111560058593750e+02, 3.6735559082031250e+02 ]
p9: [ 8.0014215087890625e+02, 3.8080709838867188e+02 ]
p10: [ 9.1370715332031250e+02, 4.2536663818359375e+02 ]
p11: [ 5.6786621093750000e+02, 3.5181491088867188e+02 ]
p12: [ 5.4523272705078125e+02, 3.6142126464843750e+02 ]
p13: [ 4.9932821655273438e+02, 3.7638946533203125e+02 ]
p14: [ 3.9955773925781250e+02, 4.1183212280273438e+02 ]
pointNums: 15
