%YAML:1.0
---
p0: [ 3.6867718505859375e+02, 4.0845513916015625e+02 ]
p1: [ 2.2619975280761719e+02, 5.4825891113281250e+02 ]
p2: [ 8.2232891845703125e+02, 4.0724426269531250e+02 ]
p3: [ 9.6362023925781250e+02, 5.6082391357421875e+02 ]
pointNums: 4
