%YAML:1.0
---
corners: !!opencv-matrix
   rows: 108
   cols: 2
   dt: d
   data: [ 458., 336., 2572., 210., 2928., 560., 3378., 584., 268., 644.,
       2966., 602., 3230., 644., 640., 670., 2440., 774., 1914., 796.,
       3232., 798., 2964., 784., 2606., 794., 276., 780., 2794., 830.,
       990., 836., 1102., 854., 2148., 856., 2094., 882., 1316., 852.,
       3372., 804., 3410., 810., 1366., 864., 1476., 894., 2600., 894.,
       3066., 844., 2790., 884., 3254., 878., 3716., 882., 830., 924.,
       1102., 984., 1378., 972., 2384., 986., 2966., 962., 3066., 960.,
       984., 966., 2594., 966., 2800., 960., 1608., 988., 1708., 996.,
       3376., 986., 3638., 966., 1778., 1000., 1036., 1034., 2600.,
       1030., 1638., 1036., 2068., 1046., 3716., 996., 3646., 1036.,
       2200., 1064., 2294., 1050., 2404., 1042., 1322., 1048., 1608.,
       1086., 114., 1058., 1592., 1092., 1034., 1086., 2102., 1086.,
       3654., 1072., 276., 1092., 1688., 1082., 1320., 1104., 1428.,
       1148., 2208., 1158., 3802., 1110., 1754., 1124., 1022., 1160.,
       2792., 1162., 2968., 1170., 1320., 1182., 1582., 1220., 2600.,
       1182., 1238., 1210., 1168., 1214., 3072., 1182., 666., 1186.,
       2476., 1242., 1428., 1246., 1576., 1244., 2596., 1240., 3350.,
       1232., 306., 1250., 1514., 1272., 3696., 1278., 834., 1294., 990.,
       1270., 2402., 1284., 2798., 1304., 1110., 1308., 32., 1318.,
       1282., 1362., 1508., 1338., 2232., 1354., 1322., 1342., 1776.,
       1372., 1932., 1372., 2334., 1348., 2518., 1346., 3054., 1396.,
       288., 1396., 644., 1394., 28., 1380., 1768., 1396., 2142., 1424.,
       2048., 1438., 2094., 1438., 3384., 1542., 286., 1490. ]
