%YAML:1.0
---
corners: !!opencv-matrix
   rows: 108
   cols: 3
   dt: f
   data: [ 5.62666655e+00, -4.80476427e+00, 1.32103276e+00,
       7.06697464e+00, -6.09603262e+00, 1.27775860e+00, 7.23470545e+00,
       -2.05748105e+00, 1.14344966e+00, 7.51188374e+00, -3.37826824e+00,
       1.11725342e+00, 5.64644337e+00, 4.47704554e+00, 8.15631747e-01,
       7.98190928e+00, -2.44216681e+00, 1.00965941e+00, 7.27757025e+00,
       -2.70104241e+00, 9.11703348e-01, 7.72794437e+00, 4.28046942e+00,
       9.39103484e-01, 1.22941675e+01, -1.33733988e+00, 1.48893785e+00,
       9.50424385e+00, 1.08954287e+00, 1.01323414e+00, 7.26886654e+00,
       -3.02026963e+00, 7.60273278e-01, 8.02119064e+00, -2.45394874e+00,
       7.76151180e-01, 1.19028082e+01, -2.13293600e+00, 1.07394648e+00,
       7.11766338e+00, 5.65881681e+00, 5.87546408e-01, 1.19004650e+01,
       -2.89236140e+00, 1.00405502e+00, 1.42861300e+01, 6.89718962e+00,
       1.12805378e+00, 1.04678230e+01, 4.57654905e+00, 8.48426104e-01,
       1.03575401e+01, 1.16369203e-02, 8.45517039e-01, 1.46116076e+01,
       4.76092190e-01, 1.09081602e+00, 1.29921198e+01, 4.40015459e+00,
       9.22487080e-01, 7.26636410e+00, -3.26759052e+00, 5.16779542e-01,
       1.44579096e+01, -7.02456331e+00, 1.04500616e+00, 1.34665995e+01,
       4.29874134e+00, 9.50668991e-01, 1.50833235e+01, 4.27988291e+00,
       8.89726341e-01, 1.40514364e+01, -2.41671634e+00, 8.65624309e-01,
       7.28094721e+00, -2.55158472e+00, 4.46333945e-01, 1.62536659e+01,
       -4.07058096e+00, 9.03946996e-01, 7.30629921e+00, -2.99857998e+00,
       4.03703719e-01, 1.50014467e+01, -8.76590919e+00, 7.72746265e-01,
       8.09522820e+00, 4.42565441e+00, 3.32698733e-01, 2.31127281e+01,
       1.02251234e+01, 7.27578342e-01, 3.11566429e+01, 9.78975582e+00,
       9.40177143e-01, 2.69772072e+01, -2.31682801e+00, 7.88942218e-01,
       8.05566406e+00, -2.46473289e+00, 2.50111610e-01, 7.31108570e+00,
       -2.48347306e+00, 2.01413110e-01, 2.78678608e+01, 1.37526321e+01,
       6.80153668e-01, 1.37530088e+01, -2.41482162e+00, 3.58380526e-01,
       1.32769051e+01, -3.22675228e+00, 3.55096519e-01, 1.98929577e+01,
       4.53418112e+00, 4.44947809e-01, 2.58915596e+01, 5.28637266e+00,
       5.76286793e-01, 7.25181961e+00, -3.26875877e+00, 1.55796051e-01,
       1.89940853e+01, -1.04875107e+01, 3.56269300e-01, 3.11652622e+01,
       4.78867388e+00, 2.49234796e-01, 3.11506596e+01, 1.46688042e+01,
       1.58950523e-01, 1.36707106e+01, -2.40037131e+00, 6.56676516e-02,
       1.99168396e+01, 4.54119396e+00, 1.78824998e-02, 3.11849079e+01,
       6.64213240e-01, 3.63129154e-02, 1.10841789e+01, -6.37754726e+00,
       2.90499013e-02, 1.89502926e+01, -1.05312967e+01, -2.51932181e-02,
       2.81761818e+01, -4.34615374e-01, -1.62112132e-01, 2.81611671e+01,
       -1.61666095e+00, -1.62273213e-01, 1.98877964e+01, -2.39215422e+00,
       -1.85107082e-01, 1.33156128e+01, 4.49797773e+00, -1.83814883e-01,
       2.58986015e+01, 5.43010139e+00, -3.46078336e-01, 2.07995243e+01,
       1.87122135e+01, -3.36605281e-01, 1.97505894e+01, 4.52009821e+00,
       -3.35670590e-01, 2.58292885e+01, 1.13734941e+01, -5.58153987e-01,
       3.12044144e+01, 1.72397643e-01, -8.32797825e-01, 1.13219671e+01,
       -6.29198694e+00, -2.86205411e-01, 2.07706776e+01, 1.66063175e+01,
       -6.07616842e-01, 2.61733494e+01, 4.94071245e+00, -8.13136578e-01,
       1.32901154e+01, 4.48936462e+00, -4.77225333e-01, 1.90879593e+01,
       5.72591114e+00, -8.86831284e-01, 2.61808777e+01, -2.90943652e-01,
       -1.15599370e+00, 9.70544052e+00, -6.11466074e+00, -4.53609288e-01,
       8.85157394e+00, 1.38319182e+00, -4.01819021e-01, 1.30888538e+01,
       5.70902061e+00, -6.81631625e-01, 2.99654884e+01, -7.39385891e+00,
       -1.56769073e+00, 7.99779892e+00, -2.44702840e+00, -4.52378452e-01,
       1.32220411e+01, 4.47919416e+00, -8.16530049e-01, 1.97896156e+01,
       4.52924776e+00, -1.18742526e+00, 3.12635689e+01, -5.34941721e+00,
       -2.16895938e+00, 1.31394405e+01, 4.95480537e+00, -9.68910456e-01,
       1.30990753e+01, 5.36281538e+00, -9.76619899e-01, 7.31256771e+00,
       -2.51247931e+00, -5.54354250e-01, 7.14928198e+00, 4.46337700e+00,
       -5.78569531e-01, 1.92404289e+01, -2.38218117e+00, -1.53488719e+00,
       1.91285782e+01, 5.70425463e+00, -1.58731449e+00, 1.87220612e+01,
       4.30168486e+00, -1.59503233e+00, 1.76766815e+01, -2.97654796e+00,
       -1.54505849e+00, 7.26103449e+00, -3.26545548e+00, -6.49867833e-01,
       7.10524654e+00, 5.66090631e+00, -6.52138114e-01, 1.57012882e+01,
       4.13106394e+00, -1.57645357e+00, 1.06425648e+01, -6.04649305e+00,
       -1.08198416e+00, 8.10225868e+00, 4.44786596e+00, -8.29645634e-01,
       1.42991085e+01, 6.53595114e+00, -1.52658546e+00, 2.63832169e+01,
       -2.58583045e+00, -2.93854570e+00, 1.30996828e+01, -3.23229194e+00,
       -1.53851390e+00, 1.31165581e+01, 5.66674137e+00, -1.58534968e+00,
       9.42020702e+00, 8.53206825e+00, -1.17610371e+00, 1.14635229e+01,
       4.06256819e+00, -1.48145258e+00, 1.14674797e+01, 2.76319480e+00,
       -1.47859097e+00, 1.19929504e+01, -3.22833121e-01, -1.54212666e+00,
       1.14707737e+01, 3.83024192e+00, -1.51590395e+00, 7.36288071e+00,
       1.13839495e+00, -9.60310340e-01, 7.40746975e+00, 6.40106618e-01,
       -9.84715343e-01, 1.15869846e+01, -8.07879627e-01, -1.53420234e+00,
       1.17678089e+01, -1.64509034e+00, -1.52733779e+00, 7.29722452e+00,
       -2.51426172e+00, -1.12650466e+00, 1.03375177e+01, 8.26492596e+00,
       -1.60280144e+00, 7.09797573e+00, 4.44498253e+00, -1.13893795e+00,
       9.17664433e+00, 8.57190990e+00, -1.47726429e+00, 7.42413759e+00,
       1.11488724e+00, -1.20831573e+00, 7.89036989e+00, 8.86500068e-03,
       -1.29537964e+00, 7.45138597e+00, 3.53397846e-01, -1.25142086e+00,
       7.65318155e+00, 2.22649559e-01, -1.31189501e+00, 7.24221516e+00,
       -3.28745699e+00, -1.55491698e+00, 7.03513384e+00, 5.58507109e+00,
       -1.60039186e+00 ]
