%YAML:1.0
---
corners: !!opencv-matrix
   rows: 108
   cols: 2
   dt: d
   data: [ 758., 481., 759., 493., 613., 500., 654., 502., 337., 503.,
       617., 507., 634., 508., 398., 509., 567., 509., 510., 512., 645.,
       513., 617., 515., 585., 517., 337., 518., 601., 518., 416., 519.,
       428., 519., 539., 519., 531., 520., 453., 521., 654., 521., 663.,
       521., 458., 522., 467., 524., 583., 524., 629., 524., 603., 525.,
       644., 525., 688., 526., 400., 529., 427., 531., 459., 532., 561.,
       532., 617., 532., 626., 532., 414., 533., 584., 533., 601., 533.,
       481., 534., 487., 534., 654., 534., 680., 535., 500., 537., 419.,
       538., 584., 538., 481., 539., 534., 539., 686., 539., 681., 540.,
       543., 541., 554., 541., 570., 542., 453., 543., 486., 543., 310.,
       544., 481., 544., 427., 545., 538., 546., 681., 546., 336., 547.,
       491., 547., 453., 549., 463., 551., 542., 551., 700., 551., 501.,
       552., 428., 553., 602., 553., 617., 554., 453., 555., 481., 555.,
       583., 557., 443., 558., 435., 559., 627., 559., 380., 560., 571.,
       560., 463., 561., 481., 561., 582., 562., 654., 562., 336., 563.,
       472., 565., 684., 565., 400., 566., 423., 567., 564., 568., 602.,
       569., 429., 570., 309., 571., 449., 572., 478., 572., 546., 572.,
       454., 573., 500., 573., 517., 573., 557., 573., 575., 573., 627.,
       579., 337., 580., 380., 580., 301., 581., 501., 581., 539., 581.,
       527., 582., 532., 583., 655., 594., 337., 597. ]
