# 标定参数

FrontFish:
  K:
    - [315.0264215666227, 0, 646.1041502979213]
    - [0, 316.2426005544527, 370.6012380957741]
    - [0, 0, 1]
  D:
    [
      0.04359300373837956,
      0.08889611038675493,
      -0.05271171285246266,
      0.00882000931193617
    ]
  W: 1280
  H: 720

BackFish:
  K:
    - [320.4413207052917, 0, 645.6824103998008]
    - [0, 323.5046109797994, 373.3518504073705]
    - [0, 0, 1]
  D:
    [
      0.01064949143351944,
      0.1048792107264257,
      -0.05345275033349048,
      0.008169782821511779
    ]
  W: 1280
  H: 720

LeftFish:
  K:
    - [321.1848972451886, 0, 648.3021882316942]
    - [0, 320.8002689423104, 376.4828462799691]
    - [0, 0, 1]
  D:
    [
      0.08862904961660936,
      0.016560071702732,
      -0.004389459558179364,
      -0.00355483027931591
    ]
  W: 1280
  H: 720

RightFish:
  K:
    - [317.692360243499, 0, 639.2828212761311]
    - [0, 317.6127756529171, 371.8466949129228]
    - [0, 0, 1]
  D:
    [
      0.0671513832224695,
      0.05724171372638976,
      -0.03991189955476011,
      0.007195091097093149
    ]
  W: 1280
  H: 720



# car2camera
TGroundFrontFish:
  # - [ 0.03634618, -0.99927372,  0.01144459, -0.11581247]
  # - [-0.43284608, -0.02606385, -0.90109098,  3.36098358]
  # - [ 0.90073483,  0.02779747, -0.43347904, -5.40457778]
  - [-0.01722437, -0.99966775,  0.01917579, -0.02724203]
  - [-0.39900422, -0.01071298, -0.91688651,  2.83186197]
  - [ 0.9167873 , -0.02344401, -0.39868712, -4.87819422]
  - [ 0.        ,  0.        ,  0.        ,  1.        ]

TGroundBackFish:
  # - [-0.01990496,  0.99971498,  0.01318168,  0.04861136]
  # - [ 0.41317498,  0.02023095, -0.9104269 , -0.16741487]
  # - [-0.91043409, -0.01267567, -0.41345991,  1.88384503]
  # - [ 0.0379056 ,  0.99916692,  0.01512047,  0.10422631]
  # - [ 0.41242754, -0.00186029, -0.91098851,  0.13490993]
  # - [-0.91020146,  0.04076766, -0.41215447,  1.16348583]
  - [ 0.01972682,  0.99969106,  0.01512047,  0.13884332]
  - [ 0.41239316,  0.00564111, -0.91098851,  0.18261694]
  - [-0.91079237,  0.02420648, -0.41215447,  1.05930859]
  - [ 0.        ,  0.        ,  0.        ,  1.        ]

TGroundLeftFish:
  # - [ 9.98062055e-01, -5.74325427e-02,  2.39507086e-02, -4.70545440e+00]
  # - [-2.86619237e-03, -4.26917087e-01, -9.04286230e-01,  1.28915333e+00]
  # - [ 6.21604243e-02,  9.02465126e-01, -4.26254358e-01, -7.09094563e-01]
  # - [ 0.99614209, -0.08619301,  0.0164833 , -4.02031796]
  # - [-0.02400463, -0.44830552, -0.89355802,  1.28204596]
  # - [ 0.08440801,  0.88971508, -0.44864503, -0.53563328]
  - [ 0.99637729, -0.08343021,  0.0164833 , -4.00835041]
  - [-0.02276131, -0.44837036, -0.89355802,  1.24131828]
  - [ 0.08194036,  0.88994574, -0.44864503, -0.45407701]
  - [ 0.        ,  0.        ,  0.        ,  1.        ]

TGroundRightFish:
  # - [-0.99351058, -0.11306704,  0.01235211,  4.66945547]
  # - [-0.06404958,  0.46641683, -0.88224316,  1.55753479]
  # - [ 0.09399139, -0.87730906, -0.47063195, -0.69711711]
  # - [-0.99487623, -0.09945026,  0.01819141,  3.83841529]
  # - [-0.07300593,  0.58221415, -0.80975109,  1.62732272]
  # - [ 0.06993866, -0.80693019, -0.58649147, -0.48319584]
  - [-0.99638593, -0.08297072,  0.01819141,  3.83169832]
  - [-0.06335987,  0.5833427 , -0.80975109,  1.59066341]
  - [ 0.0565738 , -0.8079772 , -0.58649147, -0.43278978]
  - [ 0.        ,  0.        ,  0.        ,  1.        ]


#
Front800:
  K: 
    - [2480.296422347829, 0, 1900.995348696508]
    - [0, 2483.750770053912, 1103.437012143754]
    - [0, 0, 1]
  D: 
    [
      5.382911218057614,
      0.8531957591786572,
      -0.0002046633281157292,
      0.0001862206769627878,
      -0.180148309027261,
      6.117056505700593,
      4.000238859043452,
      -0.401455901730928,
    ]
  W: 3840
  H: 2160


# bev 内参
newFxScale: 0.333
newFyScale: 0.333
f_dis: 15
b_dis: 10
l_dis: 10
r_dis: 10
resolution: 0.01
offx: 0
offy: 0

# tanway to camera 
T_800_tanway:
  - [ 0.99382757,  0.11085718,  0.0041767 ,  0.29177745]
  - [ 0.00577698, -0.01411825, -0.99988364, -0.16591879]
  - [-0.11078531,  0.99373606, -0.01467153, -0.30167512]
  - [ 0.        ,  0.        ,  0.        ,  1.        ]

    
# car2camera
TGround800:
  # - [ 9.91798409e-02, -9.95065854e-01, -2.70298365e-03, -2.48884158e-01]
  # - [-7.58208283e-03,  1.96058481e-03, -9.99969334e-01,  1.41669011e+00]
  # - [ 9.95040638e-01,  9.91972937e-02, -7.35022123e-03, -4.26151850e+00]
  - [ 0.04231748, -0.99909692,  0.00381816, -0.10161247]
  - [-0.01154885, -0.00431048, -0.99992402,  1.30847741]
  - [ 0.99903746,  0.04227017, -0.01172082, -3.78412528]
  - [ 0.00000000e+00,  0.00000000e+00,  0.00000000e+00,  1.00000000e+00]


# 
top_jx_lidar2gnss:
  - [ 0.96877507, -0.24770802, -0.01075156, 2.09042511]
  - [ 0.24783084,  0.96872676,  0.01217973, -0.23988436]
  - [ 0.0073983 , -0.01446398,  0.99986802, 1.242593]
  - [0,0,0,1]


# tanway to top_jx_lidar
tanway_to_top_jx_lidar:
  - [-0.0382638,     0.99898,    0.0239838, 0.577379]
  - [-0.999268 ,   -0.038245,  -0.00124154, -0.184399]
  - [-0.000323011,   -0.0240137, 0.999712 , -0.24808]
  - [0,0,0,1]

# car(标定布) to car(前保险杠中心)
# 手动测量
car_to_qbxg:
  - [1,     0,    0, -6.1]
  - [0 ,    1,    0, 0]
  - [0,     0,    1, -0.41]
  - [0,     0,    0, 1]


# tanway to car(前保险杠中心)
tanway_to_qbxg:
  - [-0.01171203,  0.99990961, -0.00660332, -2.09417271]
  - [-0.99990216, -0.01176195, -0.00757182, -0.148291  ]
  - [-0.00764881,  0.00651399,  0.99994953,  1.14199324]
  - [ 0.        ,  0.        ,  0.        ,  1.        ]



# at128 to 800w
T_800_at128:
  # - [0.0955015,-0.995429,-0.000933832,0.108609]
  # - [-0.0173496,-0.000726545,-0.99985,-0.175318]
  # - [0.995278,0.0955032,-0.0173397,-0.171796]
  - [0.104185  ,  -0.994558  , -0.000933832,   -0.0211784]
  - [-0.0173426, -0.000877919,     -0.99985,    -0.175422]
  - [0.994407  ,   0.104185  , -0.0173397  ,  -0.158829]
  - [0,0,0,1]

# can To lidar
T_can_to_tanway:
  - [0.000000, -1.000000,  0.000000,  0.000000]
  - [1.000000,  0.000000,  0.000000, -1.000000]
  - [0.000000,  0.000000,  1.000000, -1.200000]
  - [0,0,0,1]



# 周视相机标定结果


# lb
SideLB:
  K: 
    - [1.22394814e+03, 0.00000000e+00, 9.83941168e+02]
    - [0.00000000e+00, 1.22409659e+03, 5.05492343e+02]
    - [0.00000000e+00, 0.00000000e+00, 1.00000000e+00]
  D: 
    [
      -0.16011886, 0.21704031, -0.33388529, 0.18319755
    ]
  W: 1920
  H: 1080

# rf
SideRF:
  K: 
    - [1.22394814e+03, 0.00000000e+00, 9.83941168e+02]
    - [0.00000000e+00, 1.22409659e+03, 5.05492343e+02]
    - [0.00000000e+00, 0.00000000e+00, 1.00000000e+00]
  D: 
    [
      -0.16011886, 0.21704031, -0.33388529, 0.18319755
    ]
  W: 1920
  H: 1080

# lf
SideLF:
  K: 
    - [1.17956159e+03, 0.00000000e+00, 9.62218998e+02]
    - [0.00000000e+00, 1.18011466e+03, 5.03656666e+02]
    - [0.00000000e+00, 0.00000000e+00, 1.00000000e+00]
  D: 
    [
      -0.08861999, -0.02074715, 0.04205234, -0.02728959
    ]
  W: 1920
  H: 1080

# rb
SideRB:
  K: 
    - [1.17956159e+03, 0.00000000e+00, 9.62218998e+02]
    - [0.00000000e+00, 1.18011466e+03, 5.03656666e+02]
    - [0.00000000e+00, 0.00000000e+00, 1.00000000e+00]
  D: 
    [
      -0.08861999, -0.02074715, 0.04205234, -0.02728959
    ]
  W: 1920
  H: 1080



# f
SideF:
  K: 
    - [1.96339331e+03, 0.00000000e+00, 1.01653480e+03]
    - [0.00000000e+00, 1.96998535e+03, 5.25019415e+02]
    - [0.00000000e+00, 0.00000000e+00, 1.00000000e+00]
  D: 
    [
      -0.28617891, 0.87762328, -4.94527618, 8.85865136
    ]
  W: 1920
  H: 1080

# b
SideB:
  K: 
    - [1.19125616e+03, 0.00000000e+00, 1.01093900e+03]
    - [0.00000000e+00, 1.19221473e+03, 5.28980999e+02]
    - [0.00000000e+00, 0.00000000e+00, 1.00000000e+00]
  D: 
    [
      -0.03716469, -0.20954189, 0.29920946, -0.15186269
    ]
  W: 1920
  H: 1080


# top_jx  to 周视相机外参
T_SideLB_TopJxLidar:
  - [  0.69966,      0.713 ,-0.0459056  , -1.91854]
  - [ -0.163692, 0.0974244 , -0.981689  ,-0.798809]
  - [ -0.695472 ,  0.694363 ,  0.184876 ,     1.067]
  - [         0,          0,          0,          1]

T_SideLF_TopJxLidar:
  - [ 0.661036,  -0.75035, -0.00263522,   -0.28518]
  - [0.0640836, 0.0599542,   -0.996142,  -0.987878]
  - [ 0.747613,  0.658317,    0.087717,   -1.53349]
  - [        0,          0,          0,          1]


T_SideRB_TopJxLidar:
  - [-0.726059,   0.678548,   0.111402, 1.94939  ]
  - [-0.189414, -0.0416167,  -0.981015, -0.907027]
  - [-0.66103 , -0.733376 ,  0.158743 ,0.584796]
  - [        0,          0,          0,          1]


T_SideRF_TopJxLidar:
  - [-0.670814,  -0.741513, -0.0129587,   0.396089]
  - [0.110679 ,-0.0828181 ,   -0.9904 ,  -1.23714]
  - [0.73332  ,-0.665808  , 0.137625  , -1.13922]
  - [        0,          0,          0,          1]

# T_SideF_TopJxLidar:

T_SideB_TopJxLidar:
  - [-0.018252,  0.999801  ,  0.0080932, -0.0341544]
  - [-0.061819,  0.00695059,  -0.998063, -0.477208]
  - [-0.99792 ,  -0.0187169,  0.0616799, -1.30446]
  - [        0,          0,          0,          1]
