%YAML:1.0
---
p0: [ 7.4864202880859375e+02, 3.0728366088867188e+02 ]
p1: [ 8.0853009033203125e+02, 3.0843621826171875e+02 ]
p2: [ 8.6008062744140625e+02, 3.1255056762695312e+02 ]
p3: [ 7.3135980224609375e+02, 2.9254821777343750e+02 ]
p4: [ 7.8209631347656250e+02, 2.9436590576171875e+02 ]
p5: [ 826., 297. ]
p6: [ 7.1735552978515625e+02, 2.8222918701171875e+02 ]
p7: [ 7.6301428222656250e+02, 2.8360995483398438e+02 ]
p8: [ 8.0519177246093750e+02, 2.8707269287109375e+02 ]
p9: [ 7.0742254638671875e+02, 2.7417303466796875e+02 ]
p10: [ 750., 277. ]
p11: [ 7.8916571044921875e+02, 2.7724703979492188e+02 ]
pointNums: 12
