# 标定参数

FrontFish:
  K:
    - [315.0264215666227, 0, 646.1041502979213]
    - [0, 316.2426005544527, 370.6012380957741]
    - [0, 0, 1]
  D:
    [
      0.04359300373837956,
      0.08889611038675493,
      -0.05271171285246266,
      0.00882000931193617
    ]

BackFish:
  K:
    - [320.4413207052917, 0, 645.6824103998008]
    - [0, 323.5046109797994, 373.3518504073705]
    - [0, 0, 1]
  D:
    [
      0.01064949143351944,
      0.1048792107264257,
      -0.05345275033349048,
      0.008169782821511779
    ]

LeftFish:
  K:
    - [321.1848972451886, 0, 648.3021882316942]
    - [0, 320.8002689423104, 376.4828462799691]
    - [0, 0, 1]
  D:
    [
      0.08862904961660936,
      0.016560071702732,
      -0.004389459558179364,
      -0.00355483027931591
    ]

RightFish:
  K:
    - [317.692360243499, 0, 639.2828212761311]
    - [0, 317.6127756529171, 371.8466949129228]
    - [0, 0, 1]
  D:
    [
      0.0671513832224695,
      0.05724171372638976,
      -0.03991189955476011,
      0.007195091097093149
    ]





#0606 bev外参
TGroundFrontFish:
  - [-0.00547951, -0.99986285,  0.0156287 , -0.2239389 ]
  - [-0.30566623, -0.01320617, -0.95204714,  1.92827617]
  - [ 0.95212296, -0.00999391, -0.30555195, -3.20044707]
  - [ 0.        ,  0.        ,  0.        ,  1.        ]

TGroundBackFish:
  - [-0.03919684,  0.99913234,  0.01407763,  0.19401852]
  - [ 0.33237789,  0.02632309, -0.94277889,  1.17390555]
  - [-0.94233145, -0.03227486, -0.33312127, -0.64482691]
  - [ 0.        ,  0.        ,  0.        ,  1.        ]

TGroundLeftFish:
  - [ 9.99929307e-01, -1.00085812e-03,  1.18478600e-02, -2.18009972e+00]
  - [ 1.03647458e-02, -4.14901347e-01, -9.09807360e-01,  1.32781036e+00]
  - [ 5.82628431e-03,  9.09865855e-01, -4.14861650e-01, -4.07691490e-01]
  - [ 0.        ,  0.        ,  0.        ,  1.        ]

TGroundRightFish:
  - [-9.99994055e-01, -2.97590957e-03,  1.74168196e-03,  2.04404691e+00]
  - [-2.76295511e-03,  3.89363342e-01, -9.21080102e-01,  1.34749967e+00]
  - [ 2.06290395e-03, -9.21079438e-01, -3.89369249e-01, -4.38500374e-01]
  - [ 0.        ,  0.        ,  0.        ,  1.        ]


Front800:
  K: 
    - [2480.296422347829, 0, 1900.995348696508]
    - [0, 2483.750770053912, 1103.437012143754]
    - [0, 0, 1]
  D: 
    [
      5.382911218057614,
      0.8531957591786572,
      -0.0002046633281157292,
      0.0001862206769627878,
      -0.180148309027261,
      6.117056505700593,
      4.000238859043452,
      -0.401455901730928,
    ]

Front200:
  K: 
  - [2006.655733373044, 0, 885.4877156305547]
  - [0, 2010.261517564571, 531.9112261029896]
  - [0, 0, 1]
  D: 
    [
      -0.6112415168314069,
      0.6481409030961048,
      -0.004388485870787638,
      0.008177253178368645,
      -0.8284156985764142,
    ]

Back200:
  K:
  - [2006.655733373044, 0, 885.4877156305547]
  - [0, 2010.261517564571, 531.9112261029896]
  - [0, 0, 1]
  D: [-0.6112415168314069, 0.6481409030961048, -0.004388485870787638, 0.008177253178368645, -0.8284156985764142]

# Back200:
#   K:
#   - [1344.251821864768, 0, 958.0751010302344]
#   - [0, 1346.799644946635, 541.6794487338674]
#   - [0, 0, 1]
#   D: [-0.4608157384560965, 0.2779262051321738, 0.003968282563153206, 0.0002862262977552049, -0.1053405867827436]

# bev 内参
newFxScale: 0.333
newFyScale: 0.333
f_dis: 15
b_dis: 10
l_dis: 10
r_dis: 10
resolution: 0.01
offx: 0
offy: 0

# 0409优化后外参
T_800_at128:
  - [ -0.00331486,    -0.999973,   0.00658187,    -0.324269]
  - [   0.0188143,  -0.00664312,    -0.999801,    0.0475677]
  - [    0.999945, -0.000815609,    0.0104752,    0.0887058]
  - [          0,           0,           0,           1]

    
# # 800w 车体外参
# TGround800:
#   - [ 5.02087736e-02, -9.98728168e-01,  4.59635335e-03, -1.23235458e-01]
#   - [ 1.24537887e-03, -4.53954702e-03, -9.99988921e-01,  1.91741172e+00]
#   - [ 9.98737968e-01,  5.02139415e-02,  1.01586987e-03, -1.36784820e+00]
#   - [ 0.00000000e+00,  0.00000000e+00,  0.00000000e+00,  1.00000000e+00]


# 0606 bev
TGround800:
  - [-2.12942948e-03, -9.99987170e-01,  4.59635335e-03, -1.23235458e-01]
  - [ 1.00609059e-03, -4.59850382e-03, -9.99988921e-01,  1.91741172e+00]
  - [ 9.99997227e-01, -2.12478155e-03,  1.01586987e-03, -1.36784820e+00]
  - [ 0.00000000e+00,  0.00000000e+00,  0.00000000e+00,  1.00000000e+00]




T_back200_rslidar:
  - [ 0.0304526,  -0.999479,  0.0106881, -0.0319051]
  - [-0.0224784, -0.0113752,  -0.999683, -0.0288819]
  - [  0.999283,  0.0302027, -0.0228131,   0.255099]
  - [         0,          0,          0,          1]



# TGroundBack200:
#   - [-0.1240069 ,  0.9921974 , -0.01290766, -0.19617901]
#   - [ 0.05708003, -0.00585376, -0.99835244,  1.78151054]
#   - [-0.99063826, -0.12453936, -0.05590875,  0.25915842]
#   - [ 0.        ,  0.        ,  0.        ,  1.        ]

TGroundBack200:
  - [-0.07190935,  0.99732765, -0.01290766, -0.19617901]
  - [ 0.05669544, -0.00883308, -0.99835244,  1.78151054]
  - [-0.99579851, -0.07252268, -0.05590875,  0.25915842]
  - [ 0.        ,  0.        ,  0.        ,  1.        ]