%YAML:1.0
---
p0: [ 458., 301. ]
p1: [ 5.0236691284179688e+02, 3.0051321411132812e+02 ]
p2: [ 5.6009033203125000e+02, 2.9864041137695312e+02 ]
p3: [ 4.7609063720703125e+02, 2.8962945556640625e+02 ]
p4: [ 5.2367718505859375e+02, 2.8694927978515625e+02 ]
p5: [ 5.7377056884765625e+02, 2.8654718017578125e+02 ]
p6: [ 504., 280. ]
p7: [ 5.3787670898437500e+02, 2.7839208984375000e+02 ]
p8: [ 5.8289184570312500e+02, 2.7779187011718750e+02 ]
p9: [ 5.1277313232421875e+02, 2.7349050903320312e+02 ]
p10: [ 5.5183325195312500e+02, 2.7186224365234375e+02 ]
p11: [ 5.9298022460937500e+02, 2.7059362792968750e+02 ]
pointNums: 12
